[76 74 73 72 74 76 74 72 72 73 73 70 68 70 73 74 73 72 74 75 77 79 77 73
 73 75 74 70 70 73 75 76 77 77 77 77 79 79 80 78 70 63 63 70 75 76 77 76
 75 73 71 67 64 64 66 66 65 64 64 65]
[74 74 72 73 73 74 74 72 71 71 71 70 71 73 74 75 73 72 71 72 74 75 72 70
 70 73 72 68 69 72 75 76 78 79 80 79 80 81 82 78 69 60 62 71 77 77 75 74
 72 69 68 67 65 63 64 65 65 63 63 63]
[74 74 74 73 71 72 73 73 71 69 70 72 74 74 74 74 74 72 69 69 70 71 69 69
 71 74 72 70 70 73 74 75 76 79 80 79 78 78 78 75 66 59 64 73 77 74 71 71
 70 66 64 64 65 64 64 65 65 63 63 63]
[74 75 75 73 70 71 73 74 72 68 69 73 75 73 71 72 74 73 70 68 70 71 71 73
 76 77 75 72 71 72 72 71 72 73 75 75 74 74 74 71 65 62 66 73 74 70 67 69
 69 66 62 62 63 64 65 67 67 65 64 63]
[72 74 75 73 71 71 74 75 72 70 70 73 74 71 69 71 75 76 73 71 72 75 75 77
 79 78 76 73 71 69 70 69 68 67 68 69 71 73 72 70 66 65 68 72 71 66 66 68
 71 69 65 61 62 65 67 68 68 67 66 65]
[71 73 74 74 73 73 74 74 72 71 72 73 73 71 69 72 75 77 75 74 76 77 77 76
 76 76 74 71 69 68 69 68 66 64 64 66 70 72 71 68 65 64 66 69 68 65 66 68
 70 71 68 63 61 63 67 67 67 67 67 65]
[71 72 73 74 73 74 73 71 71 72 73 72 72 71 70 71 73 75 75 76 76 76 74 72
 71 72 72 70 68 69 69 68 65 64 62 64 67 69 69 66 62 60 64 69 69 67 67 68
 69 70 70 66 62 61 64 64 63 65 66 63]
[71 72 72 72 72 73 72 68 67 70 72 71 71 71 71 69 70 74 75 75 74 72 70 68
 70 73 73 70 69 71 71 68 66 65 64 63 64 65 66 65 60 57 63 70 71 68 69 71
 68 67 68 67 63 61 61 61 61 62 63 59]
[72 70 68 69 71 72 70 67 65 68 69 69 69 70 69 67 70 74 75 73 72 70 68 68
 72 75 74 72 71 73 73 69 67 67 67 65 62 63 64 64 59 57 64 71 71 68 69 72
 70 66 66 67 64 61 61 61 60 60 60 58]
[71 67 65 68 71 70 69 68 67 67 67 68 69 69 68 67 70 74 74 73 70 69 69 70
 73 75 74 71 73 75 75 72 70 70 70 68 63 61 62 62 60 58 63 69 68 65 68 72
 69 65 65 66 64 62 62 62 61 59 58 59]
[72 67 66 69 72 70 70 71 73 71 69 69 70 69 68 68 70 72 73 72 70 70 70 71
 72 72 72 72 72 74 75 74 72 70 70 67 62 59 59 60 58 57 61 64 64 63 65 67
 66 64 64 64 64 63 62 61 59 57 57 60]
[72 71 71 73 73 70 70 74 76 73 71 72 72 72 71 71 71 72 72 71 70 71 71 72
 70 70 70 71 71 71 72 72 70 68 67 66 63 60 59 58 56 57 60 61 62 62 63 64
 63 62 62 63 64 63 60 58 56 56 56 57]
[74 74 75 76 75 72 71 74 75 74 73 74 74 73 74 74 73 72 71 72 71 72 72 72
 70 70 70 71 69 67 67 67 66 65 66 68 67 64 61 57 56 58 61 62 64 64 65 64
 64 63 64 64 66 64 60 56 56 57 55 53]
[74 76 77 76 75 71 71 71 72 72 74 76 76 74 74 75 73 72 71 72 74 73 72 71
 71 72 71 70 69 67 67 67 65 65 68 71 70 67 64 60 58 60 64 65 67 66 67 68
 69 68 67 65 67 65 62 58 58 57 54 50]
[73 75 78 77 74 71 70 70 70 71 73 74 74 73 73 73 72 71 71 74 76 74 71 72
 75 75 72 69 70 71 73 71 68 67 69 72 71 69 67 64 62 63 65 68 68 69 70 72
 75 73 70 67 66 66 63 60 59 57 54 51]
[71 75 77 77 74 71 70 71 72 72 73 73 72 72 73 73 72 71 73 76 78 76 72 74
 77 77 72 70 73 77 78 75 71 69 69 71 69 68 67 66 63 62 64 68 69 70 71 74
 75 73 69 66 65 64 62 60 59 57 56 54]
[72 75 77 77 74 72 72 73 74 74 72 71 70 71 74 75 74 73 73 75 79 79 76 76
 77 75 73 74 77 79 78 75 72 70 69 69 69 68 68 65 62 59 60 65 68 70 72 72
 71 68 66 66 66 63 60 58 59 60 59 58]
[74 75 75 75 74 73 74 76 76 75 73 71 71 72 76 77 76 73 71 75 81 83 80 77
 75 74 74 77 79 76 73 72 72 70 69 70 71 70 68 65 61 57 56 61 66 70 70 69
 67 64 64 67 68 65 59 58 62 65 64 60]
[76 74 74 74 73 72 75 77 77 75 74 73 73 73 76 77 75 71 71 75 82 84 81 77
 74 73 76 79 78 73 71 72 72 70 70 71 72 70 67 65 62 58 56 59 65 68 69 68
 68 66 66 69 71 66 60 60 64 68 67 63]
[76 74 75 74 73 71 74 76 77 75 74 75 75 76 76 76 75 73 73 77 80 81 78 76
 74 74 75 77 74 71 72 75 73 69 69 71 72 68 67 66 63 60 59 61 62 64 65 70
 72 70 70 72 72 67 63 63 65 66 66 63]
[76 77 78 76 73 73 73 75 76 76 75 75 76 76 76 76 76 76 76 76 76 76 76 77
 75 73 73 75 72 70 73 75 72 67 69 71 71 68 67 65 63 62 62 62 60 58 62 69
 73 71 71 72 71 66 64 65 64 63 63 63]
[76 80 79 76 75 75 73 74 75 76 75 75 76 76 76 76 78 79 77 75 74 74 77 79
 77 73 71 72 71 71 71 72 70 68 68 70 71 70 67 64 61 62 63 63 60 57 60 67
 71 69 69 71 69 64 64 65 64 60 60 62]
[77 80 77 74 74 74 73 73 74 76 76 76 75 74 74 76 78 78 75 74 74 77 80 81
 78 74 71 71 73 72 70 69 69 70 71 71 71 70 67 62 59 60 63 65 63 60 62 65
 67 67 68 69 66 63 62 65 63 60 60 61]
[75 76 74 72 72 72 72 73 74 75 75 75 73 72 72 74 75 74 74 76 78 80 81 81
 80 75 70 70 74 75 72 68 68 72 73 71 69 68 66 63 61 61 63 65 66 63 62 63
 64 66 69 69 65 61 62 65 64 62 61 61]
[72 70 72 72 70 69 71 74 75 73 74 73 71 70 72 73 72 72 75 78 80 79 79 79
 79 75 69 68 73 78 76 70 69 72 73 69 65 64 65 65 64 63 64 65 64 63 62 62
 62 66 69 68 62 61 63 66 65 64 64 63]
[71 70 72 72 70 69 73 74 73 71 73 71 68 69 74 75 74 73 76 78 79 76 74 75
 77 74 68 65 70 76 76 71 68 69 71 68 64 63 65 66 64 64 64 63 61 60 61 62
 63 65 66 64 61 61 65 67 67 66 66 64]
[73 73 75 73 69 71 73 72 69 70 72 72 69 69 74 77 76 74 75 76 76 73 71 73
 75 72 67 64 67 71 72 70 67 68 69 68 65 65 66 64 62 61 62 62 61 61 64 65
 65 64 63 61 60 62 64 66 66 65 66 66]
[75 77 77 73 69 70 72 70 68 69 73 74 73 71 73 77 78 76 73 74 74 73 70 72
 74 73 68 67 68 69 69 68 66 66 68 68 66 66 66 63 59 59 62 65 65 66 67 68
 68 68 66 63 61 61 63 64 65 65 64 65]
[74 77 78 73 70 70 71 70 70 70 73 76 76 73 73 76 78 75 70 71 73 73 71 72
 73 73 72 72 72 71 70 69 67 67 68 67 67 66 67 64 61 61 63 66 70 71 69 68
 69 71 71 66 62 62 63 64 65 64 63 64]
[70 74 76 74 71 70 71 73 73 72 73 75 75 73 74 77 78 73 68 69 71 72 71 71
 72 74 75 76 75 73 72 72 71 69 69 68 67 67 66 65 65 64 64 65 70 71 68 65
 68 73 73 68 64 62 64 65 65 64 63 64]
[68 71 75 75 73 71 72 74 74 73 72 72 72 72 75 77 75 71 67 67 68 70 71 71
 73 74 76 77 75 72 71 73 73 72 71 71 70 68 66 65 66 65 63 63 67 67 64 64
 66 70 70 67 64 63 64 64 65 65 67 66]
[69 71 73 74 73 72 73 74 72 71 72 70 68 71 76 77 73 70 69 69 68 69 70 71
 72 72 74 74 73 67 67 71 73 72 71 71 71 68 64 63 64 65 63 63 64 64 63 65
 67 67 66 65 65 65 64 63 64 67 70 68]
[70 70 71 72 72 72 73 72 69 70 73 71 68 71 76 75 71 71 74 73 70 69 69 70
 70 69 70 71 70 63 61 66 70 70 67 68 70 68 62 59 61 64 65 65 65 64 63 66
 68 68 65 66 67 66 64 62 63 68 71 69]
[69 68 70 73 73 73 73 72 70 71 75 75 73 73 77 76 72 73 75 75 72 68 66 66
 68 68 68 70 68 63 60 65 69 68 64 63 66 66 61 57 60 66 68 68 68 66 63 65
 68 69 68 68 69 69 66 62 63 67 71 69]
[67 68 72 75 76 75 74 75 74 74 77 80 78 76 76 77 74 73 73 73 70 65 63 64
 67 69 71 70 68 64 64 67 70 68 63 62 64 65 61 59 64 69 70 68 68 67 63 63
 66 69 71 71 70 71 68 65 65 68 70 67]
[67 70 74 78 78 75 74 76 77 74 76 82 81 77 75 76 74 71 68 68 67 64 63 64
 68 73 72 68 65 65 69 71 71 68 65 63 64 64 63 63 67 70 68 66 66 67 65 63
 65 69 71 69 69 70 69 68 68 69 70 69]
[70 72 74 77 77 72 71 75 76 71 70 77 79 75 73 74 73 69 66 66 65 65 65 65
 69 73 71 65 62 66 70 72 70 68 67 66 66 65 65 66 67 67 64 62 64 66 65 64
 66 68 68 67 67 67 68 69 70 70 70 69]
[73 74 72 74 74 70 68 71 71 66 66 71 73 71 71 73 72 69 67 64 65 66 65 62
 64 67 66 61 61 65 69 69 67 66 68 69 69 67 66 67 65 63 61 62 64 65 65 65
 68 69 67 65 65 66 67 68 70 69 70 71]
[73 73 70 72 73 70 68 70 69 66 67 70 68 65 68 70 68 66 65 64 64 64 61 56
 55 58 60 60 61 64 66 67 66 66 67 69 70 67 67 67 64 61 61 65 67 65 63 65
 68 70 68 66 67 67 66 66 66 67 69 71]
[70 71 71 73 75 73 71 71 71 72 73 71 65 61 62 63 61 59 60 61 61 60 57 52
 50 52 56 58 59 59 61 64 67 66 65 67 68 66 65 66 65 62 63 69 71 67 63 64
 69 71 69 67 68 70 67 63 62 66 68 69]
[66 70 72 73 75 74 73 74 76 77 75 71 64 58 57 57 53 51 53 57 59 56 54 52
 51 50 53 54 54 52 54 61 67 67 63 62 63 61 60 62 65 65 65 68 70 66 60 61
 67 71 70 68 69 70 66 62 62 67 69 67]
[63 70 72 73 73 72 73 76 78 76 72 68 64 59 56 54 52 49 52 58 59 55 53 55
 54 50 49 51 51 48 50 57 63 64 61 58 56 53 53 56 61 62 61 62 63 60 56 57
 62 66 67 68 68 68 64 62 64 69 71 68]
[63 67 70 70 70 71 74 76 75 71 67 65 64 61 58 56 55 55 57 62 62 58 56 59
 58 52 50 50 49 47 48 51 55 57 56 52 47 43 43 47 53 55 54 53 53 53 52 50
 53 59 63 65 66 64 62 63 66 70 71 68]
[66 65 66 68 70 72 74 75 73 70 70 69 66 64 63 63 63 64 66 69 68 65 63 63
 61 57 53 52 50 47 47 47 46 47 48 44 39 35 35 39 42 44 44 45 47 48 48 46
 48 53 59 62 62 61 60 62 66 68 70 68]
[69 66 67 68 70 71 73 72 72 74 77 74 68 66 69 70 70 71 72 73 72 71 70 67
 65 63 60 56 53 50 48 44 41 40 42 40 36 33 34 36 37 38 40 43 45 46 46 46
 49 53 58 60 61 61 61 62 65 67 68 68]
[72 69 68 69 68 69 70 71 73 78 81 73 66 68 75 77 74 72 73 73 73 74 74 72
 70 68 64 61 59 55 49 43 39 38 39 40 39 36 35 36 36 38 41 45 46 46 47 49
 54 58 59 60 63 64 64 63 64 66 69 69]
[75 73 70 68 66 65 65 69 74 78 76 69 65 71 79 79 73 69 69 69 70 73 75 74
 71 68 65 65 66 63 52 43 40 40 41 43 44 39 35 36 40 43 44 46 49 49 49 51
 56 60 60 62 64 66 67 65 65 67 70 70]
[75 74 70 68 67 64 63 66 71 74 70 67 68 74 77 75 69 65 65 66 67 69 74 73
 69 64 63 67 73 69 55 45 43 43 41 45 44 40 34 37 44 48 48 50 52 53 52 54
 56 59 62 65 65 65 65 65 65 68 71 72]
[75 74 70 69 69 66 63 64 67 67 66 70 75 75 72 69 66 65 66 66 65 68 72 72
 67 61 61 66 73 70 56 46 44 44 40 40 41 40 36 40 47 51 51 53 55 57 58 57
 57 61 66 67 64 62 62 63 65 68 71 72]
[74 73 70 70 71 69 65 64 63 61 64 73 79 77 70 69 70 71 71 70 68 69 72 72
 68 62 60 64 70 67 55 45 45 45 40 38 38 39 40 44 48 51 53 56 59 62 63 62
 62 66 70 69 64 61 63 63 64 67 71 71]
[72 71 70 70 70 70 68 67 63 58 61 71 78 77 73 73 74 76 76 74 71 70 72 73
 70 66 62 63 67 65 55 46 46 47 44 39 37 39 42 46 49 52 55 59 61 66 68 67
 66 70 72 69 64 65 67 66 65 68 72 70]
[71 69 68 71 71 71 71 70 64 59 58 64 71 73 74 74 74 75 77 77 74 73 72 72
 71 68 65 64 67 67 59 51 50 52 49 43 39 40 44 48 53 58 60 62 65 68 69 67
 67 69 69 67 65 69 71 68 65 68 72 71]
[69 67 69 74 75 73 71 70 66 60 56 60 64 66 68 70 69 70 73 74 73 72 73 73
 71 69 68 66 69 71 66 59 57 57 51 44 40 42 45 49 59 65 66 65 65 68 67 66
 65 67 68 67 66 70 72 71 67 67 72 73]
[67 68 72 76 76 72 68 69 67 62 58 59 60 60 60 63 66 68 70 70 67 68 73 73
 72 69 66 65 70 74 70 63 60 58 51 44 44 47 49 53 63 71 69 65 65 66 65 65
 66 68 69 69 68 69 72 73 70 67 70 73]
[66 71 75 76 74 70 67 69 69 65 62 63 62 58 56 61 66 68 67 65 62 64 70 73
 73 70 65 63 69 73 68 61 58 57 52 49 51 54 54 57 65 70 67 63 63 65 66 67
 69 70 71 71 70 69 72 75 73 69 69 71]
[68 72 75 72 67 65 68 73 73 69 66 70 68 62 59 63 68 68 66 62 60 63 67 72
 75 71 65 63 69 72 65 56 55 57 56 56 58 60 59 60 63 66 64 63 67 71 71 71
 71 72 71 71 71 72 73 75 73 70 69 69]
[72 72 73 70 65 64 71 77 76 73 73 75 73 66 62 63 67 66 65 62 64 66 66 71
 76 75 69 67 70 70 63 56 57 60 62 63 64 64 64 64 64 64 64 68 74 78 76 73
 71 71 69 70 72 74 73 73 72 71 69 68]
[74 69 70 72 67 65 71 76 75 74 78 78 74 67 63 62 66 66 64 64 68 71 68 70
 75 77 73 71 71 69 63 61 63 65 66 67 67 67 70 68 64 63 68 76 80 80 76 73
 72 71 70 71 73 74 72 71 72 72 70 68]
[72 68 71 75 71 67 69 72 72 73 78 77 72 66 63 65 69 68 64 64 70 72 70 70
 74 77 75 72 70 68 66 67 68 68 67 69 71 71 72 71 67 67 74 81 81 75 73 72
 73 73 74 74 75 74 72 71 73 73 70 68]
[72 71 74 77 72 68 68 69 68 69 74 76 74 69 69 72 75 72 65 65 70 73 71 70
 73 75 74 72 70 68 69 70 69 68 69 72 73 73 73 73 72 73 79 82 78 73 73 74
 75 77 79 79 78 76 76 76 76 74 70 68]
[72 73 73 73 71 69 69 68 66 66 69 74 75 74 74 75 76 73 69 69 73 74 70 70
 73 75 72 69 68 70 72 72 71 71 74 77 76 73 74 76 77 79 82 82 78 75 76 75
 74 76 79 79 76 77 79 79 77 74 71 68]
[73 72 70 69 69 70 71 70 66 64 67 71 75 76 76 74 73 73 74 76 78 76 72 71
 74 75 72 68 68 71 73 74 76 79 82 81 77 73 75 78 80 81 83 81 79 79 79 74
 71 74 76 73 70 74 80 80 76 72 72 71]
[71 68 68 67 70 71 71 68 65 66 68 70 71 71 73 72 71 72 78 81 81 77 72 70
 73 73 71 69 70 71 72 76 82 87 87 81 74 74 77 77 75 77 79 78 76 76 74 70
 70 73 73 67 64 68 75 78 76 73 71 72]
[68 68 68 69 71 72 70 66 63 67 72 70 66 67 71 73 71 72 78 81 78 74 70 68
 68 69 70 73 75 74 73 77 84 89 85 77 73 76 77 72 67 69 72 71 69 67 65 65
 70 74 71 64 62 65 71 77 78 73 68 69]
[69 71 73 72 71 72 72 67 62 69 77 75 68 66 70 75 74 74 76 76 72 66 64 64
 65 66 70 76 80 77 76 79 83 85 81 75 75 79 77 69 63 64 65 63 61 58 56 58
 66 69 67 63 65 65 67 74 77 72 62 62]
[72 76 77 73 71 73 74 70 66 71 79 79 73 70 72 75 75 75 76 76 70 63 59 62
 67 70 72 78 80 78 77 79 82 82 79 78 81 83 80 72 67 65 62 58 58 55 50 49
 56 60 60 62 65 64 63 67 72 69 59 56]
[76 81 79 74 72 74 77 76 75 76 80 80 77 73 73 74 76 77 77 77 74 65 59 64
 73 77 77 76 74 74 77 79 79 79 79 82 86 86 82 77 74 68 60 56 56 53 46 42
 45 50 54 58 61 59 55 59 67 67 60 58]
[77 81 79 75 74 77 79 79 80 82 82 80 78 74 73 74 78 78 77 79 79 73 66 68
 76 83 81 74 69 71 75 77 76 75 77 80 83 82 80 79 74 67 60 56 54 51 45 40
 41 45 50 54 55 53 48 53 63 68 66 66]
[78 79 77 76 78 80 79 78 81 86 84 80 76 73 72 74 79 79 76 78 81 81 74 71
 73 81 83 77 71 74 79 80 75 71 70 73 76 77 78 75 69 63 61 58 53 49 48 47
 46 47 51 53 53 47 43 48 59 68 69 70]
[78 78 74 75 80 81 77 73 79 85 85 79 74 72 73 75 78 78 77 76 79 82 79 71
 66 73 81 81 79 80 85 84 79 73 69 69 71 74 74 71 65 64 65 62 56 52 53 55
 54 51 52 53 52 48 44 46 56 65 71 72]
[79 75 71 74 79 78 72 70 77 82 82 77 73 75 78 78 76 78 79 76 73 78 80 71
 62 67 78 82 82 85 88 87 83 79 74 71 71 73 72 69 67 68 69 68 61 56 59 62
 61 59 58 57 56 55 51 51 55 65 74 77]
[76 72 70 74 77 73 69 72 78 79 76 72 73 81 87 82 76 78 82 76 71 74 77 72
 65 65 72 76 80 85 86 84 83 84 82 78 75 74 71 69 69 70 71 69 63 61 63 67
 69 67 65 64 65 64 62 60 61 69 77 79]
[74 71 72 75 75 71 71 77 80 78 74 73 76 85 90 84 76 78 81 77 73 74 78 77
 74 71 69 69 76 85 86 82 81 84 85 83 80 76 70 67 68 72 72 69 65 64 67 72
 74 73 71 71 72 72 73 71 69 70 74 76]
[73 74 76 75 74 73 77 84 84 78 76 76 78 84 86 81 76 78 82 79 78 79 81 81
 83 79 69 65 75 87 89 86 82 81 81 82 83 80 73 68 69 74 77 74 70 69 72 76
 77 77 75 73 74 78 79 77 71 67 66 67]
[73 78 78 74 73 74 82 88 87 81 80 79 76 78 79 77 78 82 84 80 81 84 83 82
 85 83 73 69 78 87 90 90 87 79 75 79 85 86 81 74 73 79 84 82 77 75 76 76
 76 77 75 70 70 78 82 76 67 61 60 62]
[72 78 76 72 72 75 81 85 87 84 81 76 72 71 75 78 81 87 87 82 82 85 84 80
 82 83 77 75 79 83 84 88 88 81 73 75 84 87 85 79 78 83 89 88 83 80 77 74
 74 78 75 66 65 75 80 72 61 60 63 63]
[73 75 72 71 75 77 79 80 82 82 81 76 69 69 76 80 84 88 87 79 79 84 82 77
 78 82 81 78 78 77 76 80 84 81 75 76 80 83 83 80 80 84 88 86 83 80 79 76
 77 81 78 68 63 69 73 66 59 62 68 69]
[77 75 70 72 80 82 79 77 78 80 81 80 74 72 76 80 83 85 83 77 77 82 81 76
 78 84 84 80 78 76 74 77 81 81 79 80 80 78 78 78 80 84 87 84 81 81 83 82
 80 82 80 71 64 64 65 63 61 64 69 70]
[81 79 74 76 83 84 80 78 77 79 83 88 84 78 76 77 79 80 77 76 78 81 80 78
 84 89 87 82 80 79 79 81 83 83 83 85 83 80 77 77 79 85 89 87 82 84 87 85
 79 77 78 74 65 60 61 62 64 64 65 67]
[81 83 80 80 82 81 79 81 81 80 84 91 91 83 77 77 79 79 76 76 82 83 79 81
 90 93 88 84 83 82 82 85 86 84 84 88 87 83 80 78 78 84 91 90 85 85 88 83
 76 73 75 73 68 65 67 70 70 66 64 68]
[79 81 82 81 80 76 78 82 84 81 82 86 89 85 80 79 82 80 76 77 83 83 78 80
 89 90 85 83 84 81 80 82 83 80 80 84 84 82 81 79 77 80 85 86 85 85 84 78
 75 76 77 75 72 72 77 80 77 70 67 73]
[76 77 78 79 79 77 79 82 83 80 79 79 82 82 82 82 84 82 78 78 81 82 77 78
 84 85 80 80 81 79 77 78 78 76 78 80 79 78 81 81 79 77 78 80 83 84 80 76
 77 81 82 78 76 78 83 84 80 74 72 77]
[76 74 74 77 81 82 82 81 79 77 75 75 77 80 80 80 82 83 80 77 77 80 76 76
 80 81 77 76 77 78 78 78 79 78 79 79 77 76 80 83 84 80 77 75 79 81 78 76
 78 81 82 80 78 78 80 79 77 76 78 81]
[77 76 75 78 81 84 84 81 76 73 73 75 76 79 79 78 80 83 81 75 76 78 78 76
 77 79 76 73 75 80 82 83 84 85 83 81 79 80 82 85 88 86 79 75 75 77 77 78
 79 78 78 80 80 76 74 74 75 79 82 82]
[78 79 80 81 79 80 81 80 75 71 74 78 80 80 78 76 79 82 81 76 76 79 81 78
 75 76 76 75 77 81 85 85 86 86 82 79 79 82 82 83 86 84 79 76 75 74 77 83
 82 76 74 79 81 77 73 72 74 79 82 80]
[80 82 85 85 79 75 78 80 77 73 75 80 82 80 77 76 79 81 80 77 77 80 83 80
 73 72 76 80 82 83 83 84 83 81 77 74 77 81 82 83 84 81 78 78 78 75 78 84
 85 77 75 80 83 80 75 73 75 77 77 73]
[84 83 86 86 80 76 77 78 77 76 77 78 79 78 75 75 77 81 80 77 77 79 81 80
 75 72 77 83 83 81 80 81 81 79 77 74 75 80 83 85 85 81 80 80 81 77 76 81
 84 81 80 83 85 81 76 74 76 76 71 66]
[87 83 83 85 84 81 80 78 77 77 76 72 71 73 73 72 74 77 78 77 78 78 78 79
 80 78 79 82 82 79 78 82 85 86 85 80 80 82 87 89 89 86 84 84 83 77 74 76
 82 85 86 86 85 81 77 77 78 74 67 64]
[88 84 80 82 85 85 81 76 74 76 74 67 64 69 71 70 71 74 74 75 80 80 78 79
 84 84 80 76 77 78 79 82 87 92 92 86 82 84 88 90 90 86 84 84 83 77 72 74
 82 87 89 88 83 78 78 81 79 71 65 66]
[87 84 78 78 81 84 80 72 70 74 73 66 63 68 70 69 70 73 72 73 81 85 82 80
 84 85 77 71 74 80 81 79 84 91 91 86 83 84 87 88 87 83 81 82 82 78 74 77
 83 86 86 83 78 76 80 83 76 67 65 70]
[83 81 75 74 76 80 77 70 67 70 72 68 66 69 71 70 73 75 74 72 78 84 82 76
 78 81 76 70 76 85 84 78 77 83 85 83 81 81 82 84 83 79 77 80 82 79 76 80
 82 82 80 78 73 73 80 84 77 67 68 73]
[78 75 73 73 73 75 75 72 68 69 71 70 71 73 73 73 76 78 75 72 72 77 76 71
 71 78 80 80 82 87 84 78 76 78 78 80 81 79 78 81 83 79 77 80 82 80 78 79
 80 78 77 76 74 74 81 86 80 71 72 76]
[75 71 71 73 72 72 75 74 71 67 68 71 75 76 76 74 74 74 74 74 73 73 73 70
 70 79 87 88 86 84 81 78 78 77 76 78 81 80 78 80 82 81 79 80 81 79 76 77
 79 79 78 80 79 79 82 85 80 73 75 81]
[74 70 72 74 72 71 73 76 73 67 65 70 75 76 76 74 70 68 73 78 78 75 76 75
 76 80 87 88 86 81 77 75 77 77 77 78 83 85 83 83 83 82 82 81 81 78 74 75
 80 83 82 81 82 83 83 83 77 71 74 82]
[74 72 73 75 73 72 74 77 75 68 64 69 74 75 75 74 69 68 75 83 82 78 81 83
 83 80 79 79 82 83 79 75 75 78 79 81 84 88 88 86 83 83 83 82 81 80 76 78
 83 87 83 79 80 84 84 81 74 69 72 81]
