[76 75 75 79 80 79 79 80 82 83 82 79 78 79 81 80 76 73 72 74 75 74 70 68
 70 71 72 73 76 78 78 78 78 77 75 71 68 67 67 65 61 54 52 56 60 59 57 57
 57 54 53 55 59 61 62 63 65 66 65 62]
[77 76 77 79 81 80 81 82 82 79 77 73 73 75 76 74 71 70 72 74 76 75 74 72
 74 75 77 78 82 81 79 76 75 73 69 66 64 65 66 65 60 55 55 61 65 64 61 61
 61 57 55 56 60 61 63 65 67 68 66 63]
[78 78 77 79 80 80 81 81 78 75 72 70 71 72 72 70 72 75 77 79 80 81 79 78
 77 76 75 76 77 75 72 71 70 69 68 68 69 71 72 68 62 58 61 68 71 68 66 64
 63 60 60 61 62 63 65 66 66 66 67 65]
[78 77 79 79 78 77 77 77 75 74 72 71 71 72 72 74 77 80 81 81 81 82 79 76
 73 71 71 71 70 68 66 67 68 69 71 73 75 75 73 65 58 56 63 69 68 65 63 63
 63 62 63 64 65 66 68 65 62 62 65 67]
[76 78 81 80 77 74 73 74 74 73 72 73 75 76 76 77 77 78 77 75 74 73 72 69
 68 69 71 72 69 68 68 69 68 68 69 71 70 70 65 57 50 52 62 68 66 61 60 62
 62 63 64 65 65 68 68 64 57 57 63 66]
[76 79 81 80 76 74 72 72 72 72 72 73 75 77 77 75 72 72 72 70 68 68 70 70
 71 74 76 76 74 73 73 71 67 65 65 65 64 64 60 55 49 53 64 71 69 64 64 65
 65 65 65 64 65 67 68 63 57 58 63 65]
[77 78 78 76 75 75 73 69 67 69 72 74 74 74 73 70 68 70 73 72 71 72 75 77
 78 80 80 77 76 77 76 72 67 64 64 63 64 64 64 60 57 59 68 74 72 69 69 69
 68 67 66 65 65 66 67 64 62 62 66 65]
[76 75 73 72 75 76 71 64 62 66 71 73 71 69 69 70 72 75 78 79 79 78 79 81
 82 81 77 75 75 76 75 73 71 70 69 69 69 70 70 66 61 62 68 71 69 68 70 71
 70 68 67 66 66 66 66 64 63 65 66 65]
[73 72 72 72 72 72 69 64 61 64 69 72 71 69 71 75 78 79 80 81 81 79 77 79
 79 77 74 73 75 76 75 75 76 77 74 72 69 68 67 64 60 61 64 65 63 64 68 71
 70 69 68 67 66 64 62 61 61 62 64 64]
[72 72 72 73 70 70 69 68 64 64 68 73 73 73 74 76 77 77 77 78 77 74 73 77
 79 76 73 73 76 76 75 76 78 77 73 68 63 61 61 61 60 61 64 66 66 66 69 71
 72 71 70 67 64 60 59 59 58 58 59 61]
[74 73 73 73 71 72 73 73 68 66 70 75 75 75 75 74 73 72 74 75 75 72 73 77
 80 78 75 75 76 75 74 74 74 75 72 67 60 58 59 64 65 67 70 74 75 72 70 70
 72 73 71 67 62 59 57 57 56 55 56 58]
[75 71 73 75 76 76 77 74 70 71 75 77 76 74 74 74 72 72 75 77 77 75 75 79
 82 80 76 74 75 75 74 72 72 73 74 72 67 62 64 68 71 72 75 79 80 75 70 69
 71 72 71 68 64 60 57 56 55 53 52 54]
[75 72 75 77 79 77 75 71 70 74 77 78 75 74 74 76 75 75 77 80 81 79 76 77
 78 78 76 75 78 79 77 74 73 74 76 78 74 66 62 64 68 69 71 72 73 71 69 67
 67 68 68 68 66 61 56 54 54 52 50 49]
[74 74 75 77 77 75 71 68 70 73 75 76 76 75 75 77 76 75 77 81 83 79 75 74
 76 76 75 78 82 83 80 77 74 73 74 76 73 65 57 55 58 61 63 65 67 68 68 67
 64 64 65 66 65 61 56 53 53 52 49 47]
[74 75 74 72 72 72 70 69 70 72 72 74 77 76 75 74 74 74 76 79 80 77 75 75
 76 75 76 80 84 83 79 77 74 70 68 69 69 65 58 53 52 55 59 64 67 70 70 67
 64 64 63 63 63 62 58 56 54 55 53 51]
[75 73 70 68 70 73 73 72 73 73 73 73 76 76 74 72 72 73 75 77 77 77 78 79
 79 76 76 79 79 77 75 75 74 70 66 67 69 70 66 61 56 56 61 68 73 73 71 68
 67 67 65 63 63 64 63 60 60 60 59 57]
[75 72 71 70 71 74 76 74 76 77 75 72 75 77 75 73 73 74 74 75 77 79 81 82
 79 77 77 77 74 72 74 75 75 72 71 71 73 74 73 69 63 59 61 68 72 70 68 68
 71 70 67 65 66 66 64 64 64 64 63 63]
[75 74 75 74 73 74 75 75 77 78 75 73 76 80 78 75 75 75 74 75 78 81 83 81
 77 74 76 76 74 73 76 77 75 73 73 74 73 71 70 69 65 60 60 63 65 62 62 67
 71 69 65 65 66 65 63 64 66 66 66 66]
[76 76 77 75 72 72 75 76 77 77 74 73 77 81 79 76 77 77 75 75 78 81 83 79
 73 71 74 78 78 78 79 79 75 73 73 74 70 67 65 66 64 61 58 58 57 54 57 65
 68 62 59 62 65 62 60 62 66 67 68 68]
[76 76 76 73 70 71 76 78 77 73 72 73 76 78 76 76 79 80 77 75 77 80 79 75
 71 70 74 80 81 81 80 78 75 74 74 74 72 68 66 66 66 64 61 59 55 52 55 61
 62 58 56 60 63 62 62 63 66 67 69 71]
[74 74 74 72 69 73 78 79 75 74 74 74 74 73 74 77 81 80 76 75 77 77 74 72
 71 73 76 80 81 80 80 80 77 76 77 78 77 74 72 71 68 67 65 63 57 53 54 59
 60 60 59 61 62 65 67 68 67 66 68 70]
[72 73 75 74 73 75 78 76 73 73 76 76 74 73 75 78 80 77 74 76 78 75 71 71
 73 76 79 80 79 79 81 81 79 78 79 80 79 77 74 72 70 70 69 65 60 55 54 57
 60 63 65 64 64 66 70 72 69 66 64 66]
[72 75 79 78 75 75 76 73 71 74 79 79 77 75 75 76 76 75 75 78 79 77 74 74
 76 78 78 78 78 79 82 82 78 75 76 77 76 74 73 72 73 74 71 66 61 59 58 58
 60 63 65 66 65 65 68 73 73 68 63 60]
[74 78 81 79 74 73 73 73 72 74 78 79 79 77 75 74 75 78 81 82 81 81 82 83
 80 77 75 76 79 81 82 80 75 71 71 71 70 71 72 74 77 77 72 67 64 62 61 60
 58 58 61 65 66 63 64 70 75 71 63 57]
[75 78 80 77 74 73 73 75 75 76 77 77 77 78 77 76 78 84 87 84 81 84 89 89
 83 76 74 76 79 80 80 78 75 72 70 69 69 71 75 77 78 77 72 66 63 63 61 60
 57 55 58 65 67 64 63 67 72 70 62 57]
[74 75 76 76 76 74 73 75 77 77 75 75 77 80 81 80 82 87 88 83 80 83 89 88
 82 77 76 78 80 79 78 77 76 76 73 72 71 74 77 77 75 73 70 67 63 60 59 58
 58 58 60 65 69 67 65 67 68 64 60 59]
[73 73 75 76 78 76 73 74 75 77 76 76 78 82 84 84 84 85 84 82 81 82 83 83
 81 79 79 79 80 78 77 77 78 77 76 75 74 76 78 76 71 69 70 68 64 59 58 59
 62 63 64 66 68 68 69 69 65 59 57 63]
[75 73 73 74 77 77 75 73 74 75 78 80 80 81 83 85 82 78 78 80 81 81 78 78
 80 80 80 78 79 79 77 76 75 74 73 73 75 76 76 74 70 69 71 71 68 64 62 62
 65 66 64 63 64 65 68 70 67 60 59 65]
[75 73 71 72 75 78 78 76 76 78 82 83 80 77 80 83 82 75 72 76 81 80 77 78
 80 81 78 76 77 78 77 74 71 69 69 73 76 76 76 75 73 71 70 71 72 70 67 66
 65 63 62 62 61 60 62 66 69 66 62 63]
[75 72 71 71 74 78 82 81 80 81 85 84 79 74 77 82 81 74 70 74 78 80 79 79
 81 81 78 76 76 76 75 73 70 68 69 73 76 77 76 76 75 71 69 70 72 71 69 67
 64 59 59 62 63 60 57 61 67 68 62 59]
[74 72 73 74 75 79 84 83 81 81 82 80 77 77 79 81 80 76 72 74 78 79 79 80
 82 82 79 75 73 72 72 73 73 71 71 74 76 76 74 73 73 71 69 69 69 67 68 68
 63 58 60 66 69 63 57 57 64 65 60 56]
[75 74 76 77 77 80 81 79 76 77 77 76 77 81 81 80 80 79 76 76 76 77 77 78
 80 79 77 74 71 69 72 76 77 75 74 75 75 74 71 69 68 69 71 71 68 65 68 69
 65 60 63 69 73 68 61 59 62 61 57 57]
[76 75 76 77 78 79 77 72 71 75 76 75 77 81 81 80 81 81 79 77 77 75 74 76
 77 76 74 71 70 70 73 77 79 77 75 74 74 73 70 68 66 69 73 73 69 66 68 69
 66 64 66 70 73 70 65 62 61 58 56 60]
[76 76 76 76 77 76 74 70 72 77 79 77 77 79 79 81 83 82 79 76 75 72 72 73
 74 72 71 72 73 74 75 76 78 76 74 73 74 74 72 70 69 71 74 73 69 67 68 66
 65 66 69 69 70 69 67 63 62 60 60 64]
[78 78 76 75 75 74 73 73 76 81 83 80 76 76 77 80 83 81 76 74 74 72 72 72
 72 71 71 73 75 75 74 74 76 76 74 73 74 75 73 73 74 76 74 72 69 66 64 63
 65 70 71 70 67 67 65 63 64 64 65 67]
[80 78 75 75 76 76 76 76 78 80 80 79 77 75 74 78 80 79 76 74 73 73 71 72
 71 70 69 71 73 74 73 73 75 76 74 73 73 73 73 75 78 78 74 70 66 63 61 62
 66 72 73 70 68 67 65 64 65 67 67 66]
[83 79 74 75 76 78 77 76 75 75 73 74 76 74 72 73 77 76 75 75 74 72 71 71
 70 66 64 64 67 70 72 74 74 75 74 75 74 73 72 74 76 78 75 70 66 63 62 65
 68 72 72 70 68 68 68 66 68 70 69 64]
[84 79 74 72 76 79 77 73 72 71 68 70 72 72 69 70 72 72 71 71 70 68 67 68
 66 62 59 57 59 65 73 76 74 72 74 77 76 74 75 75 74 74 75 73 69 67 67 66
 67 70 72 71 70 70 70 68 68 70 69 65]
[80 78 75 73 74 77 75 73 73 73 69 67 69 69 67 67 67 65 64 64 62 60 61 63
 60 57 55 54 55 61 71 76 71 67 71 75 76 75 78 77 73 72 74 74 73 72 71 65
 63 68 73 72 72 72 72 69 69 70 70 68]
[74 78 78 75 73 74 74 75 76 76 71 67 67 65 64 63 59 57 58 57 54 53 56 57
 53 52 54 54 55 59 66 70 68 65 67 70 71 72 77 78 74 72 74 75 74 73 68 60
 59 67 74 73 72 73 72 69 69 71 71 70]
[69 75 80 79 75 72 74 76 78 78 73 68 64 62 60 55 49 50 56 58 55 54 57 55
 51 50 53 53 52 54 58 61 62 62 63 63 63 64 69 72 72 72 73 72 71 70 63 57
 59 68 73 71 70 72 73 71 70 71 71 70]
[68 71 78 82 79 74 73 75 78 77 72 66 62 61 58 50 43 48 59 64 62 61 62 58
 52 50 51 50 48 48 50 54 57 59 59 57 56 56 58 61 64 68 68 66 65 64 60 56
 60 68 71 69 69 72 74 72 70 69 69 68]
[69 69 74 81 81 76 72 74 78 78 71 65 62 63 60 53 49 54 64 70 71 70 68 64
 57 54 51 48 45 43 46 48 52 54 55 53 52 51 49 48 52 57 59 58 58 58 56 55
 58 66 68 68 68 72 75 73 69 67 68 67]
[73 71 72 75 77 74 73 76 81 79 71 65 67 71 70 65 63 65 69 73 75 75 72 69
 65 59 55 51 48 46 45 45 47 49 51 50 47 46 44 40 41 45 49 49 50 51 51 51
 54 61 67 68 69 73 76 74 70 68 71 69]
[78 77 71 69 71 73 75 79 83 79 72 70 74 76 76 74 74 74 73 74 76 76 75 75
 73 66 60 60 59 56 50 46 44 45 45 44 41 41 41 38 34 36 42 45 46 47 48 49
 51 57 64 68 71 73 76 74 72 72 74 72]
[81 81 73 68 70 73 75 79 82 79 76 78 79 77 76 77 78 77 76 76 76 76 77 80
 79 72 66 68 70 65 56 49 44 41 39 37 36 37 40 40 34 33 39 46 48 49 50 52
 54 57 63 67 70 72 74 74 74 75 74 70]
[84 82 76 72 72 72 72 76 80 81 83 85 81 73 71 75 77 78 79 80 79 79 80 83
 81 75 71 73 73 67 58 51 44 38 35 34 33 35 40 41 38 37 43 50 53 53 55 57
 58 61 63 66 68 72 73 71 73 75 70 65]
[82 81 79 78 75 68 66 72 80 83 85 86 81 72 70 74 77 77 79 80 79 79 83 83
 80 75 74 74 71 64 56 50 45 38 34 34 36 36 38 41 42 41 46 52 56 57 59 59
 60 64 67 68 70 74 74 71 71 72 67 61]
[79 79 80 79 75 68 66 73 78 79 80 84 82 76 73 76 78 78 78 78 77 77 82 82
 77 74 74 75 71 62 53 49 46 40 34 33 35 34 34 37 42 45 49 53 57 59 60 60
 62 65 69 70 73 77 75 72 72 73 68 63]
[77 78 78 77 75 73 73 76 75 71 71 79 84 81 77 77 79 80 80 79 75 74 80 83
 79 72 72 74 72 65 54 48 45 42 37 34 34 34 33 36 43 51 56 59 60 61 62 63
 64 66 68 71 75 76 75 74 73 74 71 68]
[76 79 78 77 76 77 77 76 72 67 67 75 82 81 77 77 79 82 86 85 78 74 80 86
 82 74 70 72 74 70 59 50 46 44 40 38 38 37 38 42 51 61 66 68 67 64 64 68
 69 67 66 69 73 73 73 73 75 75 74 73]
[77 81 83 81 81 78 74 72 73 71 69 71 76 77 78 80 82 85 89 89 81 76 80 85
 83 77 71 71 73 73 67 57 50 47 45 46 46 45 44 50 61 70 74 76 74 69 66 70
 71 67 65 69 72 71 70 74 76 75 75 75]
[80 82 86 86 83 76 70 71 77 78 72 68 67 70 77 84 84 82 84 86 83 80 79 80
 79 78 76 73 74 75 72 64 57 51 48 50 52 49 48 56 67 73 75 78 78 72 67 69
 70 67 67 72 74 69 69 73 76 74 74 76]
[82 83 84 84 83 77 73 75 80 79 72 66 62 65 74 81 80 76 76 78 81 81 79 74
 74 78 79 77 78 78 74 68 64 58 52 51 52 51 52 58 68 72 75 78 79 73 70 71
 70 67 69 76 77 71 68 71 73 71 72 74]
[84 82 79 79 81 82 83 82 79 75 71 68 64 62 66 71 72 71 72 75 80 82 78 73
 74 78 79 80 82 79 72 67 66 63 55 51 53 54 56 61 67 72 74 76 74 71 71 73
 72 68 69 75 78 73 67 66 67 68 69 72]
[82 80 77 77 82 87 89 84 77 72 73 73 70 66 64 64 67 71 75 77 78 79 78 75
 76 78 78 79 81 78 70 65 64 63 59 57 58 61 63 67 70 73 75 75 71 68 71 76
 75 69 66 70 75 73 66 62 64 67 68 71]
[80 81 81 80 83 87 87 82 76 74 75 77 77 75 71 68 70 76 78 76 73 74 76 76
 77 81 82 81 78 75 70 67 65 64 64 64 65 66 69 72 73 74 75 74 71 69 71 75
 75 71 65 65 71 75 70 65 66 68 69 71]
[79 83 86 85 83 85 84 80 77 77 77 80 82 82 79 77 76 78 77 72 67 71 76 78
 78 83 89 86 77 71 72 73 70 67 68 69 67 68 72 75 75 74 75 75 74 73 73 73
 73 72 67 65 70 75 75 71 70 70 70 72]
[83 85 86 84 83 83 82 79 77 78 80 82 81 81 81 81 79 78 75 70 68 74 80 80
 79 83 90 86 75 68 71 75 74 71 73 72 69 68 73 77 76 74 76 78 78 77 75 72
 72 74 72 68 69 73 76 73 70 69 70 72]
[88 86 83 82 82 81 80 79 78 79 82 83 79 75 77 83 82 78 77 75 75 78 84 84
 81 79 79 74 68 65 67 71 73 73 75 75 73 72 76 79 78 75 79 81 80 77 74 72
 72 75 77 72 67 68 71 70 67 68 71 74]
[89 84 79 79 79 79 78 80 79 81 84 83 76 72 78 85 85 80 79 81 80 79 81 83
 81 75 66 61 61 64 65 66 70 75 78 80 78 76 76 79 77 76 78 82 79 74 72 73
 73 76 78 74 67 66 68 68 67 69 76 78]
[84 79 75 75 77 78 79 80 80 81 82 82 78 78 83 88 85 81 82 85 82 76 76 80
 80 72 62 59 65 73 73 70 72 76 78 79 78 75 73 75 76 76 79 82 77 72 72 75
 77 78 79 76 71 70 73 73 72 75 80 81]
[80 75 72 73 77 79 79 79 80 81 79 79 82 84 85 84 82 81 84 87 82 76 74 76
 75 71 67 68 76 83 83 80 80 80 77 76 75 72 71 73 75 76 77 78 74 71 73 77
 79 79 78 76 74 77 79 79 77 79 81 81]
[78 75 72 75 81 81 77 74 79 81 77 77 82 84 79 76 78 82 87 89 84 78 76 74
 70 68 71 76 80 84 85 85 83 80 76 74 73 73 73 75 76 75 72 69 65 65 70 75
 76 75 76 76 76 79 80 80 79 79 78 79]
[80 78 77 79 84 82 74 71 78 81 77 75 76 76 71 72 79 85 87 87 83 79 75 71
 67 67 71 75 76 77 78 79 79 78 76 75 74 74 76 78 75 69 62 55 49 52 60 66
 68 69 71 73 75 75 76 77 78 78 77 79]
[80 81 82 83 83 80 74 72 78 81 78 75 73 71 70 74 82 85 83 80 77 74 71 67
 66 68 71 72 73 73 72 73 74 77 77 77 73 72 74 76 70 60 52 46 42 42 48 56
 60 62 64 66 69 70 71 75 78 77 77 81]
[82 83 83 81 79 79 79 78 79 81 82 79 75 71 72 77 83 84 78 72 71 71 67 65
 69 76 76 74 74 75 73 73 75 78 79 78 71 68 71 72 65 55 51 50 46 43 44 47
 53 55 54 56 61 64 68 71 75 75 76 81]
[84 84 83 80 79 81 82 80 81 84 86 84 79 75 73 76 81 82 77 71 72 73 69 67
 75 85 85 78 76 77 78 80 80 81 82 79 74 71 73 73 66 58 58 60 55 46 43 42
 46 46 43 45 53 59 63 66 69 71 74 81]
[86 86 84 84 85 84 79 75 80 87 89 85 80 77 75 77 83 86 81 77 79 82 75 69
 73 84 84 77 74 77 80 83 82 80 81 83 82 78 78 76 70 65 64 63 57 45 35 35
 40 40 37 39 48 54 57 60 63 67 74 81]
[85 85 84 88 92 85 71 68 77 87 86 82 79 79 79 80 86 88 84 82 85 89 82 70
 67 76 79 77 75 78 82 83 81 77 79 85 88 83 78 75 71 68 65 61 53 43 36 40
 44 45 43 46 49 52 55 59 61 65 72 80]
[83 82 81 86 88 80 68 66 75 82 82 81 81 81 80 80 82 82 79 80 86 94 89 75
 67 71 78 81 81 83 84 83 80 77 78 83 85 81 74 72 72 71 67 61 54 50 51 55
 57 57 56 55 53 51 55 61 64 65 68 75]
[79 77 76 77 76 74 72 72 75 78 81 83 83 81 77 74 74 74 74 77 84 93 95 86
 76 76 82 85 86 86 84 81 80 82 82 81 80 77 75 76 76 77 75 71 66 66 70 73
 71 69 68 66 60 56 60 67 68 65 63 67]
[73 72 72 71 68 72 79 81 77 76 82 85 82 78 76 73 71 73 76 78 83 90 96 91
 84 81 84 82 81 82 81 78 78 85 87 82 77 77 80 82 82 82 81 78 74 77 82 83
 77 73 74 72 68 66 69 73 73 68 64 66]
[67 67 72 74 70 75 85 84 77 77 84 83 79 78 80 79 78 79 82 83 85 88 91 88
 82 80 81 78 75 78 80 77 77 84 88 83 76 78 84 86 82 81 81 79 76 77 82 83
 78 75 77 79 78 77 78 77 76 74 69 68]
[65 66 75 80 79 83 88 84 77 77 84 83 79 80 84 84 84 82 82 83 87 89 87 83
 77 76 79 79 76 79 82 79 76 80 84 81 76 78 81 81 79 79 80 78 76 75 80 79
 78 78 80 83 84 82 78 73 73 74 70 66]
[70 70 79 84 85 86 88 83 77 80 86 86 84 83 83 82 83 81 78 81 87 91 88 83
 79 79 81 83 83 83 84 82 80 79 78 79 78 79 78 77 77 80 83 83 82 79 78 77
 79 79 79 78 79 75 65 59 62 65 62 57]
[76 78 84 87 85 84 84 82 79 82 88 89 85 81 79 79 81 80 77 78 84 88 86 86
 87 85 82 81 83 82 81 81 82 81 79 79 82 83 79 77 79 82 83 83 84 83 78 74
 75 76 74 71 69 61 49 44 51 58 56 52]
[81 83 86 87 85 83 83 84 82 83 89 89 84 80 81 82 82 80 78 77 78 80 81 85
 91 90 81 75 77 80 81 81 84 84 80 78 81 84 82 79 80 80 77 74 78 82 80 73
 71 74 72 67 63 54 45 44 53 61 60 56]
[83 85 84 84 84 85 85 86 84 84 88 89 85 83 85 84 81 79 79 75 75 76 77 80
 86 88 82 76 78 84 85 84 84 83 79 74 76 80 81 78 78 79 73 65 68 80 83 75
 70 72 73 68 63 59 56 56 63 70 70 68]
[83 84 82 81 84 86 87 86 86 87 91 92 88 86 85 80 75 77 80 78 77 82 83 79
 80 84 85 83 85 91 91 87 82 80 76 71 71 76 78 77 77 82 79 70 70 80 86 79
 72 72 73 71 69 68 66 65 69 77 77 75]
[83 85 84 84 85 85 83 84 88 92 92 90 88 87 82 75 75 83 85 80 81 90 93 85
 77 78 84 88 90 91 89 84 79 78 78 76 76 81 83 80 81 90 93 85 79 83 86 81
 74 72 72 71 70 71 70 69 70 73 76 77]
[82 86 88 88 87 84 81 84 90 91 87 84 86 88 84 79 83 91 89 80 80 89 94 88
 78 74 78 85 86 85 83 81 79 80 81 82 83 86 87 84 84 90 95 90 82 80 80 79
 75 73 74 75 74 73 73 73 71 69 73 79]
[83 86 87 87 86 86 87 88 88 84 78 79 86 93 91 88 89 91 85 76 76 82 86 87
 82 77 76 80 82 83 82 82 83 82 83 83 83 84 84 81 79 82 84 82 78 75 76 79
 80 81 82 83 81 78 79 81 78 71 74 84]
[84 84 82 83 84 88 91 90 83 77 77 82 89 95 94 90 86 82 78 76 79 81 81 84
 87 86 83 82 84 86 87 89 88 85 82 81 80 79 77 78 78 78 77 78 78 75 76 82
 87 88 89 90 87 83 81 84 83 79 78 86]
[83 81 80 81 82 84 87 88 83 81 85 89 90 89 89 85 80 77 79 82 86 85 83 84
 88 91 90 86 83 84 87 89 87 86 85 86 85 82 80 81 83 81 79 80 82 78 76 79
 84 86 87 86 86 82 79 78 82 84 82 83]
[77 78 84 86 81 77 80 86 88 88 91 91 87 82 83 84 82 80 84 88 89 87 85 82
 83 87 90 84 79 81 84 83 83 86 91 94 95 92 87 85 86 84 81 82 84 80 73 73
 79 82 83 83 84 81 75 73 81 88 84 78]
[76 79 84 87 83 75 78 87 92 89 86 87 86 82 82 85 86 83 84 84 83 83 83 79
 76 80 85 82 80 84 86 82 80 85 90 93 96 94 87 83 82 81 79 80 83 81 76 73
 77 81 82 82 85 83 75 73 81 88 82 75]
[82 81 80 83 84 82 82 87 89 82 79 84 87 83 80 83 84 79 76 78 78 81 84 81
 77 81 84 84 84 92 94 86 80 82 85 85 85 86 81 76 76 78 78 78 81 83 81 79
 81 85 86 85 85 83 79 79 82 83 77 74]
[90 84 76 77 85 86 81 79 81 81 78 81 82 77 74 80 81 77 75 80 83 84 86 85
 84 86 87 85 86 94 96 89 84 84 85 83 82 82 80 74 76 82 84 81 80 85 88 85
 84 88 89 85 82 81 82 81 78 75 72 74]
[88 84 77 76 83 83 75 72 78 83 80 76 72 68 73 85 90 84 83 88 90 88 87 87
 87 88 89 87 86 90 92 90 88 88 90 90 88 86 81 75 76 85 89 83 78 85 90 87
 84 87 86 82 81 82 82 79 73 67 69 75]
[77 81 78 76 79 78 72 70 76 80 77 72 70 73 83 96 98 91 88 90 89 87 87 88
 87 87 89 89 87 85 87 87 88 89 91 94 93 89 82 75 76 85 88 81 76 84 90 87
 82 82 82 79 79 83 83 78 71 66 70 78]
[71 77 77 74 75 78 76 73 71 70 70 73 78 84 92 96 92 87 87 86 83 84 89 91
 86 85 88 90 88 87 88 89 88 87 87 89 90 88 83 80 79 83 83 76 75 82 87 85
 81 79 76 74 76 81 83 81 75 71 75 81]
[74 78 78 74 76 79 78 73 68 68 71 78 84 89 88 83 77 79 86 88 85 84 90 92
 90 87 89 89 88 90 94 94 93 88 82 80 84 87 88 89 88 87 82 79 80 83 85 86
 84 80 74 70 71 76 83 86 82 75 73 79]
[80 80 81 81 80 79 76 74 75 76 76 77 83 87 84 78 74 80 89 92 91 87 88 88
 89 89 90 86 87 92 97 97 96 92 83 76 78 86 93 97 96 91 86 87 88 86 85 88
 91 85 76 70 70 74 81 86 84 74 71 76]
[82 81 83 86 84 79 76 77 81 82 78 75 80 86 85 81 81 86 92 96 95 92 86 83
 85 89 90 86 89 94 95 93 93 94 87 77 74 82 90 95 94 89 87 91 92 88 86 90
 94 88 79 77 78 81 82 84 80 75 75 82]
